NYC, 10001, 10002, 10003, 10004, 10005, 10006, 10007, 10009, 10010, 10011, 10012, 10013, 10014, 10016, 10017, 10018, 10019, 10020, 10021, 10022, 10023, 10024, 10025, 10026, 10027, 10028, 10029, 10030, 10031, 10032, 10033, 10034, 10035, 10036, 10037, 10038, 10039, 10040, 10044, 10065, 10069, 10075, 10103, 10110, 10111, 10112, 10115, 10119, 10128, 10152, 10153, 10154, 10162, 10165, 10167, 10168, 10169, 10170, 10171, 10172, 10173, 10174, 10177, 10199, 10271, 10278, 10279, 10280, 10282, 10301, 10302, 10303, 10304, 10305, 10306, 10307, 10308, 10309, 10310, 10311, 10312, 10314, 10451, 10452, 10453, 10454, 10455, 10456, 10457, 10458, 10459, 10460, 10461, 10462, 10463, 10464, 10465, 10466, 10467, 10468, 10469, 10470, 10471, 10472, 10473, 10474, 10475, 11001, 11003, 11004, 11005, 11040, 11101, 11102, 11103, 11104, 11105, 11106, 11109, 11201, 11203, 11204, 11205, 11206, 11207, 11208, 11209, 11210, 11211, 11212, 11213, 11214, 11215, 11216, 11217, 11218, 11219, 11220, 11221, 11222, 11223, 11224, 11225, 11226, 11228, 11229, 11230, 11231, 11232, 11233, 11234, 11235, 11236, 11237, 11238, 11239, 11351, 11354, 11355, 11356, 11357, 11358, 11359, 11360, 11361, 11362, 11363, 11364, 11365, 11366, 11367, 11368, 11369, 11370, 11371, 11372, 11373, 11374, 11375, 11377, 11378, 11379, 11385, 11411, 11412, 11413, 11414, 11415, 11416, 11417, 11418, 11419, 11420, 11421, 11422, 11423, 11424, 11425, 11426, 11427, 11428, 11429, 11430, 11432, 11433, 11434, 11435, 11436, 11451, 11691, 11692, 11693, 11694, 11697
Kansas, 64012, 64030, 64052, 64053, 64055, 64064, 64068, 64079, 64081, 64082, 64101, 64102, 64105, 64106, 64108, 64109, 64110, 64111, 64112, 64113, 64114, 64116, 64117, 64118, 64119, 64120, 64123, 64124, 64125, 64126, 64127, 64128, 64129, 64130, 64131, 64132, 64133, 64134, 64136, 64137, 64138, 64139, 64145, 64146, 64147, 64149, 64150, 64151, 64152, 64153, 64154, 64155, 64156, 64157, 64158, 64161, 64163, 64164, 64165, 64166, 64167, 64192
Seattle, 98101, 98102, 98103, 98104, 98105, 98106, 98107, 98108, 98109, 98112, 98115, 98116, 98117, 98118, 98119, 98121, 98122, 98125, 98126, 98133, 98134, 98136, 98144, 98146, 98154, 98164, 98174, 98177, 98178, 98195, 98199
Chicago, 60007, 60018, 60068, 60106, 60131, 60176, 60601, 60602, 60603, 60604, 60605, 60606, 60607, 60608, 60609, 60610, 60611, 60612, 60613, 60614, 60615, 60616, 60617, 60618, 60619, 60620, 60621, 60622, 60623, 60624, 60625, 60626, 60628, 60629, 60630, 60631, 60632, 60633, 60634, 60636, 60637, 60638, 60639, 60640, 60641, 60642, 60643, 60644, 60645, 60646, 60647, 60649, 60651, 60652, 60653, 60654, 60655, 60656, 60657, 60659, 60660, 60661, 60706, 60707, 60714, 60804, 60827
Baltimore, 21201, 21202, 21205, 21206, 21207, 21208, 21209, 21210, 21211, 21212, 21213, 21214, 21215, 21216, 21217, 21218, 21222, 21223, 21224, 21225, 21226, 21227, 21228, 21229, 21230, 21231, 21234, 21236, 21237, 21239, 21251
SanFrancisco, 94102, 94103, 94104, 94105, 94107, 94108, 94109, 94110, 94111, 94112, 94114, 94115, 94116, 94117, 94118, 94121, 94122, 94123, 94124, 94127, 94129, 94130, 94131, 94132, 94133, 94134, 94158
Raleigh, 27511, 27518, 27529, 27545, 27560, 27587, 27591, 27601, 27603, 27604, 27605, 27606, 27607, 27608, 27609, 27610, 27612, 27613, 27614, 27615, 27616, 27617, 27703
Boston, 02108, 02109, 02110, 02111, 02113, 02114, 02115, 02116, 02118, 02119, 02120, 02121, 02122, 02124, 02125, 02126, 02127, 02128, 02129, 02130, 02131, 02132, 02134, 02135, 02136, 02151, 02152, 02163, 02199, 02203, 02210, 02215, 02467
Austin, 78610, 78613, 78617, 78641, 78652, 78653, 78660, 78664, 78681, 78701, 78702, 78703, 78704, 78705, 78712, 78717, 78719, 78721, 78722, 78723, 78724, 78725, 78726, 78727, 78728, 78729, 78730, 78731, 78732, 78733, 78734, 78735, 78736, 78737, 78738, 78739, 78741, 78742, 78744, 78745, 78746, 78747, 78748, 78749, 78750, 78751, 78752, 78753, 78754, 78756, 78757, 78758, 78759
Oakland, 94577, 94601, 94602, 94603, 94605, 94606, 94607, 94608, 94609, 94610, 94611, 94612, 94613, 94618, 94619, 94621, 94704, 94705
Somerville, 02138, 02140, 02143, 02144, 02145, 02155
Weatherford, 76008, 76020, 76035, 76085, 76086, 76087, 76088
Honolulu, 96801, 96802, 96803, 96804, 96805, 96806, 96807, 96808, 96809, 96810, 96811, 96812, 96813, 96814, 96815, 96816, 96817, 96818, 96819, 96820, 96821, 96822, 96823, 96824, 96825, 96826, 96827, 96828, 96830, 96835, 96836, 96837, 96838, 96839, 96840, 96841, 96842, 96843, 96844, 96845, 96846, 96847, 96848, 96849, 96850
NewOrleans, 70112, 70113, 70114, 70115, 70116, 70117, 70118, 70119, 70122, 70124, 70125, 70126, 70127, 70128, 70129, 70130, 70131, 70139, 70163
Madison, 53532, 53558, 53562, 53590, 53593, 53597, 53703, 53704, 53705, 53706, 53711, 53713, 53714, 53715, 53716, 53717, 53718, 53719, 53726, 53792
SaltLakeCity, 84044, 84101, 84102, 84103, 84104, 84105, 84106, 84108, 84109, 84111, 84112, 84113, 84115, 84116, 84119, 84120, 84128, 84144, 84180
Wellington, 33411, 33414, 33449, 33467, 33470
Redmond, 98007, 98008, 98034, 98052, 98053
DeLeon, 76444
